TIME	MEM	VIRT	RES	SHR	CPU	FREE	SWAP
0:00:16	0.7	222744	3252	2808	99.9	95,10	820
0:02:12	1.2	225176	5684	2808	99.9	92,80	820
0:03:28	1.6	227480	7988	2808	94.1	90,5 	820
0:05:23	2.1	229912	10420	2808	94.1	88,10	820
0:06:39	2.6	232216	12592	2808	99.9	85,80	820
0:08:35	3.1	234648	15156	2808	99.9	83,50	820
0:09:49	3.6	236824	17332	2808	94.1	81,40	820
0:11:05	4.0	239000	19508	2808	94.1	79,20	820
0:13:03	4.5	241304	21812	2808	99.9	77,00	820
0:14:17	4.9	243352	23856	2808	93.8	74,90	820
0:16:14	5.4	245784	26292	2808	94.1	72,50	820
0:17:30	5.9	247960	28468	2808	88.9	70,40	820
0:19:23	6.3	249880	30388	2808	83.3	68,70	820
0:20:37	6.6	251544	32052	2808	93.8	66,90	820
0:22:35	7.0	253592	34100	2808	94.1	64,90	820
0:23:46	7.4	255512	36020	2808	93.8	63,20	820
0:25:00	7.7	257048	37556	2808	88.2	61,60	820
0:26:57	8.1	258712	39220	2808	93.8	60,00	820
0:28:13	8.5	260632	41140	2808	99.9	58,10	820
0:30:05	8.8	262424	42932	2808	87.5	56,20	820
0:31:20	9.3	264856	45364	2808	99.9	53,80	820
0:33:14	9.7	266648	47156	2808	87.5	52,10	820
0:34:28	10.1	268824	49332	2808	87.5	50,00	820
0:36:20	10.6	271000	51508	2808	94.1	47,90	820
0:37:34	11.1	273304	53812	2808	93.8	45,70	820
0:39:32	11.5	275608	56116	2808	94.4	43,40	820
0:40:46	12.0	277784	58292	2808	94.1	41,20	820
0:42:00	12.5	280088	60596	2808	94.1	39,00	820
0:43:56	12.9	282264	62772	2808	99.9	36,80	820
0:45:08	13.4	284440	64948	2808	93.8	34,60	820
0:47:07	13.9	286872	67380	2808	99.9	32,50	820
0:48:24	14.3	289048	69556	2808	94.1	30,20	820
0:50:18	14.8	291224	71732	2808	88.9	28,20	820
0:51:35	15.2	293272	73780	2808	94.1	26,00	820
0:53:30	15.6	295576	76084	2808	94.1	23,80	820
0:54:43	16.1	297752	78132	2808	88.9	21,70	820
0:56:01	16.5	299800	80180	2808	99.9	19,70	820
0:57:54	16.9	301592	82100	2808	93.8	17,80	820
0:59:07	17.3	303640	84148	2808	88.2	15,80	820
1:01:05	17.7	305432	85940	2808	94.1	14,00	820
1:02:21	18.1	307480	87988	2808	99.9	12,00	820
1:04:17	18.5	309400	89908	2808	94.1	10,00	820
1:05:30	18.9	311320	91828	2808	93.8	8,20	820
1:07:23	19.3	313112	93620	2808	88.9	6,30	820
1:08:38	19.7	315416	95924	2808	88.9	5,90	819,7
1:10:32	20.2	317464	97972	2808	94.1	5,50	819,7
1:11:46	20.6	319512	100020	2808	94.1	6,30	819,7
1:13:00	21.0	321816	102320	2804	93.8	5,60	819,7
1:14:58	21.5	324120	104600	2780	94.4	4,90	819,7
1:16:14	21.9	326040	106520	2780	93.8	5,60	819,7
1:18:12	22.3	327832	108312	2780	99.9	7,00	819,5
1:19:43	22.7	330008	110488	2780	94.1	7,10	819
1:21:37	23.2	332184	112664	2780	94.1	7,00	818,5
1:22:50	23.6	334232	114712	2780	88.2	6,90	818
1:24:05	24.1	336536	117016	2780	94.1	5,30	817
1:25:58	24.5	338456	118936	2780	88.2	7,90	816,7
1:27:12	24.9	340504	120984	2780	88.2	7,50	816,7
1:29:06	25.3	342808	123160	2780	88.2	7,00	816,7
1:30:22	25.8	345112	125592	2780	88.2	7,40	816,7
1:32:16	26.3	347288	127768	2780	88.2	6,80	816,7
1:33:32	26.8	349720	130200	2780	87.5	7,60	816,7
1:35:28	27.2	351896	132376	2780	99.9	6,80	816,7
1:36:41	27.6	353944	134424	2780	88.2	7,20	816,7
1:38:35	28.1	356248	136728	2780	88.2	7,20	816,7
1:39:48	28.6	358424	138904	2780	88.2	6,90	816,7
1:41:04	29.0	360600	141080	2780	99.9	6,20	816,7
1:42:55	29.5	362776	143256	2780	88.2	7,10	816,7
1:44:10	29.9	365080	145560	2780	94.1	7,40	816,7
1:46:03	30.4	367384	147736	2780	94.1	7,70	816,7
1:47:17	30.9	369560	150040	2780	87.5	6,80	816,7
1:49:13	31.3	371864	152344	2780	99.9	7,00	816,7
1:50:28	31.8	374168	154648	2780	94.1	7,20	816,7
1:52:20	32.3	376344	156824	2780	99.9	6,80	816,7
1:53:34	32.7	378648	159128	2780	87.5	6,80	816,7
1:55:30	33.2	380952	161432	2780	93.8	7,00	816,7
1:56:47	33.7	383256	163736	2780	88.9	7,30	816,7
1:58:02	34.2	385560	166040	2780	94.1	6,90	816,7
1:59:56	34.6	387864	168216	2780	88.2	7,30	816,7
2:01:10	35.1	390168	170648	2780	93.3	6,90	816,7
2:03:04	35.6	392472	172952	2780	88.2	6,10	816,7
2:04:18	36.0	394776	175256	2780	83.3	9,90	816,5
2:06:13	36.5	396952	177432	2780	94.1	7,70	816,5
2:07:29	37.0	399256	179736	2780	94.1	5,40	816,5
2:09:24	37.4	401560	182040	2780	88.2	8,40	816,2
2:10:40	37.9	403736	184216	2780	94.1	6,30	816,2
2:12:34	38.3	405656	186136	2780	99.9	9,00	816,2
2:13:47	38.7	407832	188312	2780	94.1	6,80	816,2
2:15:00	39.2	410008	190488	2780	93.8	8,90	816,2
2:16:54	39.6	411928	192408	2780	94.4	7,10	816,2
2:18:08	39.9	413592	194072	2780	77.8	5,50	816,2
2:20:05	40.3	415512	195992	2780	94.1	7,40	816,2
2:21:18	40.8	417688	198168	2780	94.1	5,20	816,2
2:23:13	41.2	419736	200216	2780	94.1	6,80	816
2:24:27	41.6	421912	202392	2780	88.2	8,80	815,5
2:26:21	42.0	423960	204440	2780	88.2	6,80	815,5
2:27:37	42.5	426392	206872	2780	99.9	8,50	815,2
2:29:32	43.0	428696	209176	2780	94.1	6,10	815,2
2:30:44	43.4	430872	211224	2780	88.2	7,30	815
2:32:00	44.0	433304	213784	2780	94.1	7,60	814,7
2:33:53	44.4	435608	216088	2780	93.8	5,50	814,5
2:35:06	44.9	437784	218264	2780	93.8	7,10	814,5
2:37:01	45.3	439960	220440	2780	88.2	8,30	814,5
2:38:18	45.8	442264	222744	2780	99.9	5,90	814,5
2:40:16	46.3	444568	225048	2780	88.9	6,90	814,2
2:41:32	46.8	446872	227348	2776	94.1	7,80	814,2
2:43:25	47.2	449048	229524	2776	93.3	5,70	814,2
2:44:42	47.7	451224	231700	2776	99.9	6,50	814,2
2:46:35	48.1	453528	234004	2776	88.9	6,90	814,2
2:47:51	48.6	455832	236308	2776	94.1	7,20	814,2
2:49:05	49.1	458136	238612	2776	99.9	7,60	814
2:50:59	49.6	460440	240916	2776	94.1	7,60	814
2:52:14	50.0	462616	243092	2776	99.9	7,60	814
2:54:07	50.5	464920	245396	2776	94.1	5,60	814
2:55:21	50.9	467224	247600	2676	94.1	5,80	814
2:57:23	51.4	469656	249980	2624	83.3	5,40	812,5
2:59:02	51.8	472728	251940	2624	93.3	6,40	811,5
3:00:57	52.2	475160	253972	2624	94.1	7,70	811,2
3:02:15	52.7	477592	256404	2624	90.0	6,00	810,7
3:04:14	53.1	479896	258344	2624	99.9	6,90	810,7
3:05:28	53.6	482328	260776	2624	88.2	6,80	810,5
3:07:22	54.1	484632	263080	2624	94.1	6,80	810,5
3:08:39	54.6	486936	265384	2624	90.5	8,20	810
3:10:12	55.1	489368	267816	2624	99.9	7,80	808,5
3:12:06	55.2	491544	268300	2624	93.8	6,60	808,2
3:13:26	55.3	493976	269108	2624	93.3	7,20	806,2
3:15:20	55.5	496152	269716	2624	73.7	8,50	804,5
3:16:35	55.9	498200	271764	2624	94.1	6,40	804,5
3:18:34	55.9	500248	271880	2624	83.3	7,10	800
3:20:25	56.4	503448	274152	2624	94.1	6,70	799,7
3:22:18	56.8	505496	276016	2624	99.9	7,20	799
3:23:35	57.2	507672	278192	2624	88.9	6,80	798
3:25:36	57.6	509976	280104	2624	93.8	7,00	797
3:27:00	58.1	512280	282408	2624	93.3	7,60	795,5
3:28:14	58.6	514584	284712	2624	94.1	8,60	792,2
3:30:08	58.5	516760	284640	2624	99.9	6,30	791,2
3:31:22	58.9	519192	286328	2624	94.1	10,00	787
3:34:10	59.4	523416	288588	2616	99.9	8,00	782,2
3:36:11	59.7	525720	290320	2616	94.1	8,00	781,2
3:37:34	59.7	528280	290476	2616	89.5	6,80	778,2
3:39:21	60.1	531096	292100	2616	94.1	6,30	776,7
3:41:26	60.1	533656	292360	2616	99.9	7,30	773,5
3:42:40	60.6	535960	294664	2616	93.8	8,00	772,5
3:44:34	60.4	538136	293828	2616	88.9	7,10	769,7
3:45:48	60.3	539928	293240	2616	94.1	6,80	767
3:47:00	60.3	541848	293312	2616	83.3	7,60	764,5
3:48:56	60.8	544152	295616	2616	88.9	5,40	763,2
3:50:19	61.2	546584	297700	2616	93.8	8,10	758
3:53:05	60.8	550168	295632	2612	94.4	5,60	754
3:54:34	61.0	552600	296416	2612	93.8	5,90	754
3:56:27	60.9	554776	295968	2612	83.3	8,10	750,7
3:57:42	61.4	557208	298400	2612	99.9	5,80	749
3:59:37	61.6	559512	299728	2612	87.5	6,00	749
4:01:14	62.2	562200	302416	2612	88.1	5,40	746,2
4:03:08	62.5	564888	303824	2612	99.9	6,20	742,5
4:04:44	62.5	567448	303836	2612	93.8	6,30	737
4:06:38	62.1	570392	302132	2612	99.9	6,80	736
4:08:31	62.2	572696	302536	2612	88.9	7,50	733,5
4:09:44	62.7	574872	304712	2612	94.1	6,90	730,7
4:11:15	62.8	577432	305100	2612	94.1	7,30	730
4:13:10	63.2	579736	307404	2612	84.2	7,20	729
4:14:23	63.7	581912	309580	2612	93.8	8,20	727,2
4:16:21	64.0	583960	311248	2612	99.9	6,10	727,2
4:18:15	64.3	586520	312488	2612	94.7	8,30	721,7
4:20:12	63.9	589976	310896	2612	89.5	7,80	713,7
4:22:15	63.5	592792	308620	2612	93.8	7,10	712,7
4:24:10	63.6	594968	309344	2612	88.9	6,90	710,7
4:25:25	64.1	597144	311520	2612	88.2	6,80	710
4:27:19	64.4	599448	312924	2612	82.4	7,10	708,7
4:28:28	64.8	601752	315228	2612	93.8	6,80	708
4:30:13	65.4	604440	317744	2612	99.9	7,80	705,5
4:32:09	65.3	606616	317520	2612	88.2	7,10	703,5
4:33:25	65.4	608536	318112	2612	88.2	5,10	700,2
4:36:25	65.6	613144	318964	2604	99.9	7,50	692,5
4:38:23	65.9	616088	320424	2604	99.9	7,60	690
4:40:18	65.5	618392	318552	2604	94.1	7,40	688
4:41:30	66.0	620824	320984	2604	87.5	5,90	688
4:43:23	66.0	623000	320912	2604	94.1	4,50	685
4:44:54	66.4	625688	322932	2604	94.4	4,30	683,2
4:46:05	66.5	627992	323236	2604	93.8	4,30	681,2
4:47:59	66.6	630296	323608	2604	94.1	4,30	679,2
4:49:11	66.6	632472	323908	2604	94.1	4,30	677,5
4:51:02	66.7	634520	324076	2604	83.3	4,50	675
4:52:15	66.7	636312	324336	2604	93.8	4,80	671,5
4:54:09	66.4	638488	323060	2604	94.1	5,10	671,5
4:55:19	66.3	640536	322508	2604	88.9	7,50	665
4:57:20	66.4	643352	322792	2604	99.9	6,30	663,5
4:59:21	66.6	645656	323740	2604	93.8	8,40	660,7
5:00:38	66.6	647960	323660	2604	94.1	6,00	660,7
5:02:29	66.5	650008	323100	2604	88.9	8,00	657,5
5:03:44	66.9	652184	325404	2604	88.9	6,00	657,5
5:05:39	66.8	654232	324656	2604	82.4	7,80	654,2
5:06:58	67.1	656152	326448	2604	94.1	6,00	654,2
5:08:10	67.5	657944	328368	2604	93.8	7,50	652,5
5:10:10	67.6	659736	328768	2604	93.8	5,60	652,5
5:11:26	67.7	662040	328980	2604	85.0	5,20	649,7
5:13:35	67.8	664472	329864	2604	88.9	5,20	647,7
5:14:55	68.2	666648	331416	2604	94.1	5,10	646,5
5:16:08	67.7	668824	329332	2604	78.9	6,40	639,5
5:18:35	67.3	671640	327080	2600	99.9	7,10	636,7
5:20:02	67.7	674200	329120	2600	99.9	7,80	635
5:21:17	67.5	676376	328396	2600	88.2	7,40	633
5:23:14	67.9	678680	330016	2600	99.9	7,60	632
5:24:28	68.4	680984	332448	2600	88.2	5,30	632
5:26:35	68.5	683544	333136	2596	99.9	6,50	629,5
5:27:50	69.0	685976	335568	2596	94.1	6,40	622
5:30:09	68.6	689944	333716	2544	94.1	6,80	621,7
5:32:02	69.1	692248	336020	2544	99.9	9,20	619
5:33:34	68.7	694552	334172	2540	88.9	6,20	616,7
5:35:03	68.8	696856	334716	2540	88.2	7,00	615
5:37:08	68.6	699416	333400	2540	99.9	7,40	611
5:38:24	68.6	701720	333532	2540	88.9	7,60	608,7
5:40:38	68.7	704152	333784	2540	93.8	8,10	606,5
5:41:51	68.9	706456	334848	2540	88.2	6,10	603,2
5:43:23	69.1	709016	336032	2540	99.9	6,40	603
5:45:19	69.6	711448	338336	2540	94.1	7,90	601,2
5:46:42	69.4	713880	337632	2540	88.2	7,60	599
5:48:37	69.9	715928	339680	2540	94.1	5,60	596,2
5:50:07	69.9	718360	339828	2540	86.7	5,80	596,2
5:51:20	69.9	720792	339956	2540	78.9	6,50	592,2
5:53:23	69.8	723224	339488	2540	94.1	6,40	589,7
5:54:43	70.1	725656	340756	2540	93.3	8,60	587
5:56:05	70.0	727960	340452	2540	99.9	7,60	585,5
5:58:00	69.8	730264	339272	2540	88.2	7,60	583,5
5:59:17	69.9	732568	340016	2540	89.5	7,10	581,7
6:01:09	69.9	734616	339608	2532	77.8	7,80	576,7
6:02:59	69.6	737304	338280	2532	94.4	7,00	574,5
6:04:16	69.8	739608	339132	2532	93.3	6,90	573
6:06:10	69.8	741656	339240	2532	87.5	7,40	571
6:07:26	69.8	743576	339312	2532	88.9	7,50	569
6:09:19	70.1	745112	340848	2532	83.3	7,70	568,2
6:10:37	70.3	746776	341608	2532	88.2	6,20	568,2
6:12:34	70.3	748312	341924	2532	76.5	7,70	566,7
6:13:47	70.6	749720	343460	2532	93.8	6,30	566,7
6:15:01	71.0	751256	344996	2532	94.1	9,20	563,2
6:17:02	70.7	753176	343616	2532	93.8	6,50	563,2
6:18:17	71.1	755480	345920	2532	94.1	8,20	557,2
6:20:00	69.8	757912	339220	2532	76.5	7,10	554
6:21:56	70.2	759960	341268	2532	99.9	5,00	552
6:23:15	70.2	761880	341532	2532	81.2	5,10	548,7
6:25:07	70.0	764056	340356	2532	88.2	7,00	548,7
6:26:23	70.5	766360	342660	2532	88.2	8,80	545,7
6:28:19	70.3	768664	342016	2532	88.9	6,60	545,7
6:29:31	70.8	770840	344064	2532	94.1	7,70	544,2
6:31:33	70.4	773400	342456	2528	88.2	7,20	541
6:33:29	70.9	775704	344760	2528	88.2	7,70	537,5
6:35:00	70.7	778008	343568	2528	99.9	5,20	534,5
6:36:31	69.8	780312	339260	2528	87.5	5,50	529,7
6:38:39	70.0	782616	340360	2528	99.9	7,50	529,5
6:39:57	70.5	784792	342536	2528	93.3	7,20	527,7
6:41:37	70.5	787608	342580	2528	94.1	6,90	526,7
6:43:31	70.5	789912	342644	2528	93.8	7,00	524,5
6:44:47	70.5	791832	342992	2528	99.9	7,40	523
6:46:39	70.9	793496	344656	2528	93.8	7,60	521
6:47:55	70.7	795800	343784	2528	85.0	6,80	519,7
6:49:05	71.0	797720	344996	2528	87.5	7,60	518,7
6:50:57	71.3	799640	346572	2528	88.2	6,50	517,5
6:53:22	71.0	803352	344960	2520	92.6	7,70	509,2
6:55:25	70.8	806296	344272	2520	99.9	7,80	506,2
6:57:16	70.6	808472	343180	2520	99.9	5,80	503,7
6:58:33	70.6	810904	343244	2520	88.2	8,00	501,7
7:00:28	70.7	813336	343772	2520	94.1	7,60	500,5
7:01:44	70.7	815768	343920	2520	88.2	6,40	499
7:03:02	70.3	818200	341900	2520	93.3	8,30	492
7:05:25	70.3	821016	341648	2520	99.9	8,00	489,7
7:06:42	70.2	823320	341160	2520	88.9	7,00	489,2
7:08:06	70.1	825752	340696	2520	99.9	7,30	486,2
7:10:05	70.2	828184	341232	2520	95.2	7,10	484,5
7:11:19	70.3	830360	341816	2520	93.8	7,20	483
7:13:15	70.5	832536	342608	2520	94.1	6,70	481,5
7:14:30	70.6	834584	343468	2520	83.3	7,40	480,2
7:16:29	71.1	836888	345772	2520	99.9	5,10	478,5
7:18:08	70.8	839704	344332	2520	88.9	6,20	476
7:19:22	71.3	842008	346636	2520	94.1	6,40	474,2
7:21:16	70.3	844056	341632	2520	88.2	5,20	468,7
7:23:11	70.5	847000	342708	2520	99.9	7,60	466
7:24:31	70.4	849432	342276	2520	99.9	5,80	462
7:26:27	70.4	851864	342376	2520	94.1	6,70	462
7:27:41	70.5	854296	342796	2520	99.9	6,70	460
7:29:36	70.7	856728	343528	2520	94.1	6,60	458,2
7:30:51	70.8	859160	344248	2520	94.1	6,90	456,5
7:32:07	70.8	861464	344252	2520	94.1	7,00	454,2
7:34:04	71.0	863896	345212	2520	94.1	6,80	452,7
7:35:29	71.0	866456	345388	2520	99.9	6,90	450,5
7:37:29	70.8	868888	344204	2520	93.8	5,90	444,2
7:39:04	70.2	871576	341508	2520	99.9	7,30	441,5
7:40:22	70.5	874008	342564	2520	94.1	7,60	439,5
7:42:14	70.8	876440	344164	2520	99.9	11,50	432
7:43:34	69.8	878872	339248	2520	99.9	9,10	432
7:45:29	70.3	881304	341680	2520	99.9	6,70	432
7:46:44	70.7	883736	343624	2520	94.1	7,20	431,5
7:48:37	70.8	886040	344292	2520	88.2	7,70	430
7:49:50	71.3	888472	346724	2520	94.1	5,40	428,2
7:51:05	71.5	890904	347504	2520	94.1	5,90	428,2
7:52:59	71.4	893208	347136	2520	88.9	6,30	424,2
7:54:36	71.3	896152	346804	2520	90.9	8,00	417,7
7:56:17	70.4	899224	342456	2520	99.9	7,20	415
7:58:21	70.5	901912	342824	2520	99.9	7,10	413
7:59:37	70.7	904600	343668	2520	93.8	6,90	411
8:01:34	70.7	907160	343756	2520	94.1	7,20	408,7
8:02:51	71.0	909720	345076	2520	99.9	6,60	407,5
8:04:05	71.2	912280	346112	2520	94.1	6,90	406
8:06:01	71.4	914712	347136	2520	94.1	6,90	404,5
8:07:47	71.5	917656	347576	2516	99.9	5,50	398,7
8:09:27	71.0	920344	345184	2516	99.9	8,10	394
8:11:05	71.0	923032	344964	2516	88.9	5,70	391,7
8:12:58	70.9	924952	344552	2516	94.1	6,40	391,7
8:14:15	70.7	927256	343952	2516	94.1	8,00	389
8:16:10	70.7	929304	343720	2516	93.8	7,60	386,7
8:17:33	71.1	931352	345768	2516	99.9	8,00	384,5
8:19:28	71.2	933656	345948	2516	94.1	8,20	382,5
8:21:20	71.1	935708	345652	2516	94.1	7,90	381
8:22:38	71.2	937368	346024	2516	94.1	6,30	379,2
8:24:35	71.2	939160	345972	2516	94.4	6,90	379,2
8:26:00	71.6	941208	348016	2512	86.7	9,90	368
8:30:46	69.9	946584	339988	2504	99.9	6,70	365,5
8:32:00	69.9	948760	339684	2504	93.8	7,60	363
8:33:57	70.3	951064	341860	2504	99.9	8,10	361,2
8:35:02	70.3	952856	341996	2504	88.2	6,30	361,2
8:37:27	70.6	955288	343024	2504	93.8	5,40	358,5
8:39:02	70.6	956952	343136	2504	94.1	5,90	358,5
8:41:13	70.7	958488	343512	2504	87.5	5,90	357,2
8:42:54	70.3	960280	341948	2504	70.0	7,70	354
8:44:17	70.6	961688	343356	2504	94.4	6,20	354
8:46:12	70.9	963224	344892	2504	94.1	9,20	351,5
8:47:41	70.7	964888	343836	2504	93.3	7,10	351,5
8:49:36	71.1	966680	345628	2504	94.1	5,40	351,5
8:50:54	71.4	968216	347164	2504	94.1	8,00	348,5
8:52:16	71.1	969752	345672	2504	94.1	6,70	348,5
8:54:15	71.4	971288	347208	2504	93.8	5,00	348,5
8:55:31	71.7	972952	348408	2504	94.1	4,60	347,7
8:57:24	71.8	974360	349304	2504	88.9	4,30	346
8:58:37	71.8	976152	349320	2504	87.5	4,40	343
9:00:07	71.7	978072	348520	2504	87.5	5,00	343
9:02:04	71.9	979608	349684	2504	88.9	4,50	341,5
9:03:14	72.0	981272	350236	2504	87.5	4,30	340,5
9:05:09	71.9	982936	349784	2504	82.4	4,90	332,5
9:08:06	70.9	986136	344556	2504	99.9	7,30	329,5
9:10:37	70.1	987928	340936	2504	93.8	6,60	322,2
9:11:50	69.6	989336	338328	2504	83.3	5,30	322,2
9:13:01	69.9	990872	339864	2504	93.8	5,20	322,2
9:14:55	70.2	992408	341400	2504	78.9	5,20	322,2
9:16:06	70.4	993816	342136	2504	88.9	5,00	321
9:17:58	69.9	995352	339828	2504	78.9	8,10	317,7
9:19:15	70.2	996760	341236	2504	94.1	6,80	317,7
9:21:14	70.5	998296	342772	2504	94.1	5,30	317,7
9:22:31	70.7	999832	343972	2504	84.2	7,60	315,2
9:24:05	70.7	1001752	343688	2504	88.9	5,70	315,2
9:26:00	70.8	1003160	344284	2504	83.3	5,80	314,5
9:27:20	71.1	1004568	345692	2504	94.4	6,30	313,5
9:29:13	71.1	1005848	345816	2504	88.9	4,90	313,5
9:30:33	71.4	1007768	346992	2504	88.9	5,10	312,2
9:33:33	71.6	1012376	348112	2500	94.1	6,80	294,4
9:37:07	69.5	1017112	337792	2496	93.8	9,80	294,4
9:38:28	69.9	1019288	339964	2496	94.4	7,60	294,4
9:40:23	70.4	1021592	342268	2496	99.9	5,20	294,4
9:43:21	70.4	1026840	342472	2496	95.0	5,60	289,7
9:45:15	70.7	1029272	343764	2496	94.1	5,50	287,6
9:47:26	70.8	1032600	344000	2496	99.9	7,30	285,4
9:48:40	71.2	1034904	346304	2496	94.1	4,90	285,4
9:52:13	71.8	1040152	349164	2496	96.6	5,30	272,8
9:55:26	70.5	1044120	342796	2492	87.5	7,80	272,8
9:57:21	70.9	1046040	344716	2492	88.2	5,90	272,8
9:58:50	70.8	1047704	344204	2492	94.1	6,40	270,6
10:00:17	71.2	1049880	346380	2492	93.8	7,60	268,6
10:02:39	71.3	1052440	346900	2492	94.1	7,80	265,6
10:03:52	71.1	1054488	345816	2492	99.9	5,80	265,6
10:05:05	71.0	1056280	345168	2492	84.2	6,80	263,3
10:07:18	71.3	1057816	346704	2492	88.9	5,60	263,3
10:08:36	71.6	1059224	348112	2492	81.2	6,30	262
10:10:32	71.6	1060376	347984	2492	94.1	5,20	262
10:11:50	71.1	1062040	345756	2492	75.0	5,40	257,3
10:14:18	71.6	1065240	348060	2492	94.1	7,30	250
10:15:47	70.5	1067672	342964	2492	88.9	6,80	250
10:17:22	70.7	1069976	343572	2492	93.8	6,30	247,5
10:19:17	70.9	1071896	344576	2492	93.8	5,60	247,5
10:21:30	71.4	1074328	347032	2492	91.6	6,20	243
10:24:45	71.3	1078552	346748	2492	94.1	6,90	243
10:26:39	71.6	1079960	348156	2492	99.9	7,90	240
10:27:50	71.3	1081496	346628	2492	94.1	6,50	240
10:29:09	71.5	1082392	347524	2492	88.9	8,40	238
10:31:05	71.3	1083544	346844	2492	90.0	7,40	238
10:32:32	71.6	1084952	348252	2492	71.0	7,60	236
10:34:24	71.4	1085720	346948	2492	88.2	6,90	236
10:36:10	71.6	1087000	348228	2492	99.9	7,60	234,5
10:38:04	71.7	1088792	348464	2492	93.8	8,10	231
10:40:00	71.2	1090200	346268	2492	94.1	7,70	229,2
10:41:18	71.2	1091864	346120	2492	94.1	7,80	227,2
10:43:25	71.2	1093912	346176	2492	88.2	8,00	222
10:45:01	70.5	1096216	342984	2492	94.1	6,30	222
10:46:19	70.9	1098008	344776	2492	83.3	6,10	222
10:48:28	71.1	1100696	345544	2492	99.9	7,00	220
10:50:23	71.4	1102232	347080	2492	94.1	5,50	217,2
10:51:43	71.3	1104408	346516	2492	93.8	6,30	217,2
10:53:37	71.6	1106200	348308	2492	94.1	5,10	214
10:54:50	71.2	1107608	346328	2492	94.1	6,40	214
10:56:04	71.0	1109656	345032	2492	88.2	7,60	210,7
10:57:57	71.3	1111448	346824	2492	93.8	5,90	210,7
10:59:13	71.7	1113112	348488	2492	93.3	8,30	207,5
11:01:15	71.4	1115160	347252	2492	94.1	5,60	207,5
11:02:25	70.8	1117080	344448	2492	73.7	6,10	202,7
11:04:30	71.3	1119256	346624	2492	93.3	8,50	199,5
11:06:38	71.0	1121176	345208	2492	99.9	5,10	197,5
11:08:22	70.4	1123096	342264	2492	95.8	6,00	195
11:09:37	70.2	1124760	341432	2492	84.2	8,70	192,5
11:11:33	70.6	1126808	343480	2492	88.2	6,70	192,5
11:12:50	71.0	1128600	345272	2492	88.2	8,20	189
11:14:05	70.7	1130648	343816	2492	88.2	6,20	189
11:15:59	71.1	1132568	345736	2492	88.2	7,90	188,7
11:18:14	71.6	1134872	348036	2488	99.9	8,20	186,2
11:19:28	71.4	1136792	347200	2488	93.8	6,20	186,2
11:21:22	71.8	1138584	348992	2488	99.9	9,60	181,5
11:22:45	71.2	1140760	346408	2488	99.9	6,90	181,5
11:24:00	71.7	1142808	348456	2488	99.9	7,60	176,5
11:26:06	71.0	1144600	345156	2488	99.9	6,80	176,5
11:27:20	71.4	1146520	347076	2488	94.1	7,70	174,5
11:29:25	71.4	1148696	347148	2488	99.9	5,00	171,7
11:30:48	71.2	1150616	346364	2488	93.3	7,70	168
11:32:25	70.8	1152920	344296	2488	94.1	5,30	167,5
11:34:16	70.6	1154712	343372	2488	93.3	7,70	164,7
11:35:30	71.1	1156888	345548	2488	99.9	5,60	164,7
11:37:24	70.9	1158808	344756	2488	84.2	7,70	162,2
11:38:38	71.1	1159832	345780	2488	93.3	6,90	162,2
11:40:31	71.5	1161496	347444	2488	88.2	5,10	160,7
11:41:47	71.6	1163544	348012	2488	99.9	9,60	153,7
11:46:44	70.4	1169560	342312	2484	99.9	8,80	146,2
11:48:05	70.2	1171480	341396	2484	88.2	6,90	146,2
11:50:03	70.3	1173784	341912	2484	99.9	6,80	144,5
11:51:19	70.5	1175704	342720	2484	88.9	7,00	143,2
11:53:15	70.6	1177624	343108	2484	88.9	7,20	141,7
11:54:25	70.6	1179544	343344	2484	88.2	7,40	140,2
11:56:23	71.0	1181464	345264	2484	99.9	7,50	139,2
11:57:37	71.3	1183512	346420	2484	93.8	5,80	139,2
11:59:36	71.5	1185560	347672	2484	81.0	8,70	130
12:02:06	70.3	1188504	341924	2484	88.2	6,10	128
12:03:20	70.3	1190296	341832	2484	94.1	6,60	128
12:05:16	70.3	1191960	341648	2484	94.1	6,90	126,2
12:06:30	70.5	1193752	342984	2484	93.8	7,10	125,7
12:08:25	70.9	1195416	344648	2484	88.2	7,80	125,7
12:09:41	71.3	1197336	346564	2480	94.4	9,00	122,2
12:11:32	70.9	1199256	344908	2480	94.1	7,20	122,2
12:12:44	71.4	1201304	346956	2480	99.9	7,20	120
12:14:25	71.2	1203096	346352	2480	99.9	7,70	118,7
12:16:26	71.3	1205016	346780	2480	93.8	5,50	118,7
12:17:40	71.2	1206936	346020	2480	84.2	6,70	116
12:19:00	71.6	1208856	347940	2480	99.9	5,80	115
12:20:57	71.0	1210776	345360	2480	83.3	8,40	111,5
12:22:15	71.4	1212568	347152	2480	93.8	6,70	111,5
12:24:05	71.1	1214488	345564	2480	83.3	7,10	108
12:25:19	71.0	1216408	345440	2480	88.9	7,60	106
12:27:11	71.4	1218072	347104	2480	93.3	7,80	104,2
12:28:28	71.3	1220120	346552	2480	84.2	7,70	98,2
12:31:40	70.6	1223704	343040	2480	99.9	8,90	93,7
12:33:33	70.3	1225624	341964	2480	87.5	7,00	93,7
12:34:50	70.3	1227800	341600	2480	88.9	8,10	91,2
12:36:03	70.6	1229592	343264	2480	94.1	6,30	89,7
12:37:59	70.7	1231640	343900	2480	99.9	6,10	86
12:39:18	70.4	1233816	342428	2480	99.9	7,50	86
12:41:12	70.4	1235608	342240	2480	88.9	6,50	83,2
12:42:29	70.6	1237784	343316	2480	93.8	6,30	83,2
12:44:24	70.9	1239704	344492	2480	94.4	6,70	82,2
12:45:52	70.8	1241752	344428	2480	90.0	5,00	76,2
12:47:26	70.1	1244056	340648	2480	83.3	7,80	74,2
12:49:16	70.4	1245848	342440	2480	81.2	7,80	73,5
12:50:34	70.2	1247896	341264	2480	94.1	7,70	71,2
12:52:30	70.6	1249944	343312	2480	94.1	7,80	69,2
12:53:41	70.5	1251608	342996	2480	93.8	8,30	68
12:55:39	70.7	1253656	343684	2480	99.9	6,30	66,5
12:56:52	70.8	1255704	344220	2480	88.9	6,30	65
12:58:07	70.8	1257240	344220	2480	99.9	6,70	65
13:00:14	70.9	1259288	344832	2480	99.9	6,80	63,5
13:01:29	70.9	1261080	344540	2480	94.4	6,30	61,5
13:03:17	70.9	1263000	344540	2480	93.8	7,00	59,5
13:05:15	70.8	1264792	344428	2480	84.2	7,60	57,7
13:06:30	70.9	1266584	344536	2480	78.9	7,90	56
13:08:22	71.2	1268504	346328	2480	88.2	7,80	55
13:09:39	71.4	1270552	347208	2480	99.9	7,70	51
13:11:04	71.0	1272344	344968	2480	93.8	7,30	51
13:12:58	71.3	1274136	346760	2480	88.2	8,30	48,5
13:14:23	71.2	1276056	346188	2480	99.9	8,60	46,2
13:16:27	70.6	1277848	343300	2480	87.5	5,50	42,4
13:17:50	70.7	1279896	343920	2480	99.9	7,90	40,4
13:19:07	70.7	1281944	343860	2480	99.9	8,80	38,2
13:21:04	70.6	1283736	343288	2480	94.1	6,90	38,2
13:22:16	70.7	1285784	343504	2480	88.9	7,60	36,4
13:24:12	71.0	1287576	345296	2480	93.8	10,00	33,2
13:25:09	70.6	1288984	343216	2480	88.2	8,60	33,2
13:27:05	71.0	1291032	345264	2480	88.2	6,70	33,2
13:28:24	71.0	1292824	345440	2480	99.9	7,00	31,4
13:30:18	71.0	1294872	345016	2480	84.2	8,10	28,9
13:32:26	71.4	1297688	347268	2476	94.4	5,60	20,4
13:35:01	70.0	1301528	340500	2476	93.3	8,90	14,1
13:37:12	69.7	1303832	338840	2476	94.1	7,10	12,8
13:38:30	69.8	1305624	339364	2476	94.1	5,30	12,8
13:40:24	69.4	1307672	337420	2476	82.4	8,60	9,1
13:41:36	69.7	1309464	339084	2476	87.5	6,90	9,1
13:43:31	70.2	1311384	341132	2476	94.1	4,90	9,1
13:44:44	70.6	1313304	343052	2476	94.1	5,20	7,6
13:46:39	70.7	1315096	343520	2476	93.8	8,90	4
13:47:51	70.3	1317144	341876	2476	93.8	6,90	4
13:49:05	70.7	1319192	343924	2476	99.9	5,00	3,8
13:50:55	71.0	1320984	345316	2476	77.8	4,80	2,1
13:52:00	71.0	1322648	345224	2476	93.8	6,20	0,3
13:53:56	71.0	1324568	345124	2476	94.1	4,70	0
13:56:33	71.5	1327256	347528	2468	95.0	5,40	0
14:56:33	71.6	1327256	347528	2468	95.1	5,40	0
