TIME MEM VIRT RES SHR CPU FREE SWAP
0:00.11 0.7 222744 3336 2888 46.7 121.8 820.0
0:00.97 1.0 224152 4744 2888 47.1 118.7 820.0
0:01.81 1.3 225688 6280 2888 43.8 115.2 820.0
0:02.65 1.6 227096 7688 2888 44.4 113.0 820.0
0:03.49 1.9 228504 9096 2888 47.1 109.7 820.0
0:04.34 2.2 229912 10504 2888 50.0 107.0 820.0
0:05.16 2.4 231192 11780 2888 41.2 104.3 820.0
0:06.00 2.7 232728 13320 2888 52.9 101.4 820.0
0:06.81 3.0 233880 14472 2888 38.9 99.3 820.0
0:07.64 3.2 235160 15752 2888 38.9 96.7 820.0
0:08.46 3.5 236440 17032 2888 50.0 94.3 820.0
0:09.31 3.8 237720 18312 2888 55.0 91.9 820.0
0:10.12 4.0 238744 19336 2888 38.9 89.7 820.0
0:10.93 4.2 240024 20616 2888 41.2 87.3 820.0
0:11.72 4.5 241176 21768 2888 47.4 85.1 820.0
0:12.53 4.7 242200 22792 2888 52.9 82.9 820.0
0:13.33 5.0 243608 24200 2888 47.1 80.2 820.0
0:14.14 5.2 244888 25480 2888 47.1 77.5 820.0
0:14.94 5.5 246296 26888 2888 47.1 76.1 820.0
0:15.75 5.8 247704 28296 2888 47.1 73.6 820.0
0:16.59 6.1 249112 29704 2888 50.0 70.4 820.0
0:17.39 6.4 250392 30984 2888 44.4 67.5 820.0
0:18.24 6.6 251672 32264 2888 44.4 64.9 820.0
0:19.08 6.9 253080 33672 2888 52.9 62.1 820.0
0:19.89 7.2 254488 35080 2888 41.2 59.5 820.0
0:20.74 7.5 255640 36232 2888 37.5 56.8 820.0
0:21.57 7.7 256664 37256 2888 44.4 54.8 820.0
0:22.36 7.8 257432 38024 2888 47.1 53.4 820.0
0:23.17 8.0 258328 38920 2888 47.4 51.6 820.0
0:23.99 8.2 259352 39940 2888 44.4 49.6 820.0
0:24.81 8.5 260504 41096 2888 44.4 47.1 820.0
0:25.63 8.7 261656 42248 2888 44.4 44.8 820.0
0:26.44 9.0 262936 43528 2888 43.8 42.6 820.0
0:27.26 9.2 263960 44552 2888 43.8 40.3 820.0
0:28.08 9.5 265368 45960 2888 41.2 37.6 820.0
0:28.89 9.7 266776 47368 2888 38.9 35.0 820.0
0:29.71 10.0 268184 48776 2888 47.1 32.1 820.0
0:30.54 10.3 269592 50184 2888 47.4 29.4 820.0
0:31.35 10.6 271000 51592 2888 50.0 26.6 820.0
0:32.15 10.9 272280 52872 2888 43.8 24.2 820.0
0:32.97 11.1 273432 53896 2888 44.4 21.8 820.0
0:33.78 11.4 274712 55304 2888 47.1 19.3 820.0
0:34.60 11.6 275992 56584 2888 44.4 16.7 820.0
0:35.40 11.9 277400 57992 2888 38.9 14.0 820.0
0:36.22 12.2 278680 59272 2888 38.9 11.3 820.0
0:37.04 12.5 279960 60552 2888 44.4 8.9 820.0
0:37.84 12.7 280984 61576 2888 44.4 7.1 820.0
0:38.67 12.9 282264 62856 2888 44.4 6.5 819.7
0:39.48 13.2 283416 64008 2888 47.1 6.0 819.7
0:40.31 13.4 284696 65284 2888 44.4 5.7 819.7
0:41.13 13.7 286104 66652 2848 41.2 6.0 819.7
0:41.93 13.9 287384 67548 2460 36.8 8.7 817.7
0:42.90 14.2 289048 69276 2524 50.0 7.6 817.2
0:43.74 14.5 290328 70552 2524 50.0 6.4 816.7
0:44.54 14.8 291608 71836 2524 47.1 6.9 816.7
0:45.36 15.1 293016 73244 2524 44.4 9.8 816.7
0:46.18 15.3 294168 74396 2524 43.8 7.3 816.7
0:47.00 15.6 295576 75804 2524 41.2 8.7 816.7
0:47.83 15.9 296984 77212 2524 50.0 9.7 816.7
0:48.65 16.2 298392 78620 2524 38.9 7.1 816.7
0:49.47 16.4 299672 79900 2524 38.9 8.6 816.5
0:50.31 16.7 300824 81052 2524 47.1 5.5 816.5
0:51.12 17.0 302232 82460 2524 44.4 7.3 816.5
0:51.94 17.2 303512 83740 2524 41.2 8.2 816.2
0:52.78 17.5 304920 85148 2524 47.1 5.7 816.2
0:53.59 17.8 306200 86300 2524 36.8 8.4 816.2
0:54.41 18.0 307352 87580 2524 44.4 6.2 816.2
0:55.22 18.3 308504 88732 2524 41.2 7.3 816.2
0:56.04 18.5 309528 89756 2524 42.1 5.1 816.2
0:56.88 18.7 310808 91036 2524 38.1 6.0 816.0
0:57.71 19.0 312216 92444 2524 40.0 6.6 816.0
0:58.51 19.3 313368 93596 2524 35.3 9.6 815.7
0:59.33 19.5 314776 95004 2524 41.2 6.8 815.7
1:00.14 19.8 316056 96284 2524 46.7 8.7 815.5
1:00.93 20.1 317464 97692 2524 38.9 11.4 815.0
1:01.74 20.3 318616 98844 2524 41.2 8.9 815.0
1:02.54 20.6 320024 100252 2524 43.8 10.2 814.7
1:03.35 20.9 321304 101528 2524 50.0 7.9 814.7
1:04.14 21.1 322584 102684 2524 41.2 9.3 814.0
1:04.95 21.4 323992 104220 2524 43.8 6.7 814.0
1:05.77 21.7 325400 105628 2524 44.4 8.0 813.5
1:06.60 22.0 326808 107036 2524 42.1 9.2 813.2
1:07.40 22.3 328216 108444 2524 37.5 6.5 813.2
1:08.22 22.6 329624 109852 2524 47.1 8.3 813.0
1:09.03 22.9 331032 111260 2524 44.4 9.3 812.5
1:09.86 23.1 332440 112500 2524 42.1 5.6 812.5
1:10.68 23.4 333848 113908 2524 38.9 5.7 812.5
1:11.55 23.7 335256 115312 2520 41.4 10.0 812.2
1:12.51 24.0 336920 116844 2520 52.9 8.1 812.2
1:13.32 24.3 338328 117980 2520 41.2 8.7 811.5
1:14.15 24.6 339864 119472 2520 47.1 7.5 811.2
1:15.07 24.8 341400 120604 2520 50.0 6.4 810.2
1:15.95 25.0 342936 121616 2416 42.1 6.1 809.2
1:16.81 25.3 344472 122804 2368 38.9 9.3 808.5
1:17.62 25.5 345752 124084 2368 36.8 8.9 808.5
1:18.46 25.8 347160 125364 2368 42.1 8.4 808.2
1:19.27 26.1 348440 126772 2368 35.0 8.7 808.2
1:20.10 26.4 349848 128180 2368 45.0 8.9 808.2
1:20.90 26.6 351128 129460 2368 50.0 6.6 808.0
1:21.71 26.8 352536 130296 2368 36.8 8.6 806.2
1:22.81 26.8 354328 130244 2368 46.4 5.6 800.6
1:23.69 27.1 355736 131652 2368 42.1 8.4 799.6
1:24.53 27.2 357016 132128 2368 47.1 8.8 797.6
1:25.36 27.2 358040 132480 2368 38.9 8.6 795.9
1:26.18 27.4 359448 133204 2368 47.1 8.1 794.1
1:26.99 27.6 360856 134296 2368 43.8 8.9 791.6
1:27.79 27.8 362136 135272 2368 35.3 9.1 790.2
1:28.59 27.9 363416 135848 2368 50.0 8.5 788.6
1:29.40 28.0 364696 136312 2368 41.2 8.6 786.3
1:30.29 28.2 366104 137296 2368 44.4 5.6 782.6
1:31.36 28.5 367768 138584 2368 43.8 7.2 779.6
1:32.27 28.7 369048 139440 2368 41.2 6.1 777.6
1:33.09 28.6 370328 139120 2368 47.1 6.1 773.8
1:33.90 28.7 371484 139600 2368 50.0 7.8 773.0
1:34.71 28.8 372760 139932 2368 53.3 7.7 769.3
1:35.55 29.0 374168 140824 2368 43.8 6.3 767.0
1:36.44 28.7 375576 139572 2368 43.8 7.6 759.5
1:37.32 28.8 376984 139988 2368 50.0 6.6 758.7
1:38.13 28.9 378392 140704 2368 53.3 6.0 756.2
1:38.95 29.2 379672 141820 2368 50.0 8.2 754.7
1:39.76 29.4 381080 142720 2368 44.4 7.1 752.5
1:40.56 29.5 382232 143188 2368 53.3 8.3 751.0
1:41.36 29.6 383640 143936 2368 43.8 5.6 749.2
1:42.43 29.0 385432 141108 2368 38.9 8.6 737.7
1:43.22 29.0 386712 140880 2368 43.8 8.4 733.2
1:44.04 29.1 387992 141560 2368 41.2 6.7 731.0
1:44.91 29.0 389528 140932 2348 53.3 9.2 720.7
1:45.88 29.0 391192 141032 2348 47.1 6.0 719.0
1:46.71 29.1 392600 141324 2348 37.5 7.3 715.2
1:47.54 29.2 393880 141924 2348 43.8 9.9 712.2
1:48.36 28.9 395288 140520 2348 41.2 6.4 706.0
1:49.22 28.8 396696 140160 2348 47.1 6.1 703.2
1:50.03 28.9 398104 140388 2348 43.8 7.8 700.2
1:50.85 28.8 399384 140232 2348 47.1 6.5 698.2
1:51.69 28.8 400664 140132 2348 43.8 7.8 694.2
1:52.58 28.7 402072 139652 2348 46.7 9.7 689.0
1:53.50 28.8 403224 139884 2348 44.4 9.0 688.7
1:54.32 29.0 404376 141032 2348 41.2 7.8 686.7
1:55.14 28.9 405784 140740 2348 43.8 6.2 683.7
1:55.95 29.0 406936 141140 2348 43.8 6.7 682.0
1:56.77 29.2 408088 141752 2348 41.2 6.0 679.2
1:57.56 29.2 409112 141836 2348 31.6 6.5 678.0
1:58.35 29.3 410136 142428 2348 33.3 7.8 676.7
1:59.18 29.5 411160 143340 2348 44.4 8.4 674.2
2:00.33 29.3 412568 142632 2348 40.5 6.5 672.0
2:01.49 29.7 414232 144292 2348 43.8 9.7 667.7
2:02.53 29.7 415768 144328 2348 43.8 8.4 667.2
2:03.35 29.9 416920 145188 2348 43.8 7.7 666.0
2:04.19 29.9 418328 145452 2348 40.0 9.6 663.5
2:05.00 30.2 419608 146732 2348 50.0 9.7 661.5
2:05.82 30.2 420888 147008 2348 41.2 7.1 661.5
2:06.65 30.5 422296 148128 2348 41.2 6.7 660.5
2:07.48 30.6 423576 148696 2348 41.2 5.9 659.0
2:08.28 30.6 424984 148652 2348 33.3 6.0 656.0
2:09.09 30.5 426392 148052 2348 44.4 4.8 651.0
2:09.89 30.3 427672 147332 2348 50.0 6.4 646.7
2:10.70 30.1 429080 146544 2348 41.2 7.1 641.5
2:11.62 30.3 430616 147512 2348 43.8 6.1 640.2
2:12.44 30.4 432024 148008 2348 37.5 9.1 637.5
2:13.25 30.7 433432 149152 2348 35.3 6.6 636.2
2:14.07 30.7 434584 149240 2348 35.3 6.1 635.0
2:14.87 30.7 435992 149348 2348 37.5 11.3 629.2
2:15.68 30.7 437272 149240 2348 29.4 7.6 629.2
2:16.50 30.9 438552 150428 2348 35.3 6.6 628.5
2:17.32 31.1 439832 151192 2348 43.8 8.2 627.0
2:18.13 31.1 441112 151360 2348 38.9 8.2 624.2
2:18.97 31.1 442520 151344 2348 33.3 6.0 620.2
2:19.91 31.3 444184 152180 2348 53.3 8.2 618.5
2:20.72 31.3 445464 152412 2348 37.5 8.8 616.2
2:21.52 31.2 446744 151720 2348 30.0 6.7 612.0
2:22.34 31.3 448024 151992 2348 37.5 5.9 606.0
2:23.16 31.0 449432 150744 2348 41.2 5.4 602.7
2:24.35 30.5 451480 148148 2344 41.2 5.0 592.5
2:25.16 30.7 452760 149428 2344 47.1 5.5 592.2
2:26.03 30.6 454168 148552 2344 42.9 6.2 584.2
2:26.85 30.6 455448 148640 2344 45.0 5.5 584.2
2:27.67 30.0 456728 145900 2344 44.4 6.8 573.2
2:28.49 29.5 458008 143608 2344 47.1 7.2 568.7
2:29.34 29.5 459032 143656 2344 38.1 5.8 566.7
2:30.21 29.7 460184 144588 2344 35.0 7.6 564.7
2:31.13 29.9 461592 145212 2344 47.1 11.3 561.2
2:31.92 29.7 462616 144508 2344 31.2 8.1 561.2
2:32.75 30.0 464024 145916 2344 44.4 5.0 559.0
2:33.56 29.9 465432 145584 2344 44.4 9.6 555.4
2:34.44 30.1 466840 146128 2344 60.0 5.5 555.4
2:35.28 30.3 468248 147248 2344 50.0 5.7 554.9
2:36.09 30.5 469400 148400 2344 37.5 8.3 553.7
2:37.08 30.5 471064 148300 2344 56.2 7.3 550.9
2:37.96 30.6 472600 148960 2344 38.1 7.1 549.2
2:38.79 30.8 474008 149972 2344 42.1 9.0 545.4
2:39.58 30.6 475288 148564 2344 38.9 5.5 543.6
2:40.38 30.4 476568 147920 2344 37.5 6.7 539.6
2:41.21 30.7 477976 149328 2344 41.2 8.5 536.9
2:42.04 30.7 479384 149312 2344 47.1 5.7 535.6
2:42.91 30.9 480792 150256 2344 44.4 5.8 531.1
2:43.89 30.8 482456 149516 2344 53.3 7.4 529.1
2:44.69 30.5 483736 148436 2344 43.8 5.6 523.1
2:45.63 30.2 485400 146828 2344 40.9 6.2 509.8
2:46.82 29.6 487320 144144 2344 50.0 19.9 510.3
2:47.62 29.9 488600 145424 2344 44.4 14.4 510.8
2:48.40 30.2 489880 146704 2344 43.8 10.0 511.0
2:49.19 30.2 491032 146868 2344 42.1 8.4 508.0
2:50.01 30.3 492056 147204 2344 44.4 6.6 508.0
2:50.83 30.5 493208 148356 2344 42.1 7.9 507.2
2:51.68 30.7 494488 149284 2344 47.1 5.2 507.0
2:52.51 31.0 495768 150492 2344 42.1 6.1 506.5
2:53.33 31.2 497048 151480 2344 47.1 9.2 505.2
2:54.13 31.3 498328 152124 2344 47.1 6.1 503.7
2:54.96 31.4 499480 152572 2344 44.4 7.9 503.7
2:55.76 31.6 500376 153468 2344 41.2 8.4 502.5
2:56.59 31.7 501528 154012 2344 38.9 6.3 502.5
2:57.41 31.9 502680 155168 2344 42.1 5.2 502.5
2:58.22 32.0 503960 155808 2344 35.3 7.0 501.2
2:59.01 32.3 505240 157088 2344 47.1 7.2 500.2
2:59.82 32.5 506520 157856 2344 56.2 9.8 497.7
3:00.69 32.5 507928 158080 2344 47.4 6.2 497.7
3:01.52 32.7 509336 158772 2344 47.4 8.3 494.7
3:02.40 32.8 510872 159548 2344 41.2 6.9 493.0
3:03.28 32.9 512280 160124 2344 52.9 8.5 490.2
3:04.12 32.9 513688 160148 2344 41.2 7.7 488.5
3:04.97 33.0 515096 160600 2344 50.0 7.6 486.5
3:05.80 33.2 516632 161284 2344 43.8 8.5 484.7
3:06.63 33.2 517912 161584 2344 52.9 5.8 484.0
3:07.46 33.4 519320 162608 2344 47.1 8.9 482.5
3:08.28 33.6 520728 163280 2344 44.4 6.7 480.0
3:09.09 33.6 522008 163356 2344 47.1 9.3 480.0
3:09.91 33.9 523416 164764 2344 44.4 5.6 478.2
3:10.73 34.0 524696 165184 2344 47.1 7.2 478.2
3:11.55 34.3 526104 166592 2344 41.2 10.0 473.7
3:12.49 34.1 527640 165912 2344 45.0 8.4 472.0
3:13.34 34.2 529048 166520 2344 38.9 5.2 472.0
3:14.15 34.1 530328 165940 2344 37.5 8.6 463.7
3:15.35 34.1 532376 165620 2344 44.4 7.6 461.5
3:16.19 34.1 533784 166016 2344 36.8 5.5 459.2
3:17.03 34.2 535192 166228 2344 42.1 8.3 456.5
3:17.84 34.2 536600 166264 2344 50.0 5.7 456.5
3:18.65 34.2 537752 166288 2344 41.2 7.1 454.2
3:19.46 34.4 538904 167440 2344 47.1 7.0 453.7
3:20.28 34.6 540056 168292 2344 50.0 7.4 449.2
3:21.20 34.2 541592 166100 2344 43.8 7.0 446.2
3:22.06 34.5 543128 167636 2344 47.1 8.1 443.5
3:22.91 34.5 544536 167628 2344 47.4 8.2 440.5
3:23.75 34.4 545816 167284 2344 40.0 5.5 440.5
3:24.56 34.5 547096 167784 2344 44.4 7.6 438.5
3:25.37 34.7 548120 168808 2344 44.4 6.4 436.5
3:26.17 34.7 549272 168948 2344 46.7 5.4 436.5
3:27.04 34.7 550552 168880 2344 47.1 8.0 433.7
3:27.84 35.0 551832 170160 2344 47.1 6.7 433.7
3:28.65 35.0 552984 170384 2344 42.1 8.7 428.2
3:29.57 34.6 554520 168452 2344 38.9 6.7 421.2
3:30.51 34.4 556056 167036 2344 42.1 7.5 419.2
3:31.32 34.5 557464 167604 2344 43.8 8.3 417.2
3:32.16 34.5 558872 167544 2344 42.1 10.0 414.2
3:33.00 34.7 560280 168952 2344 47.1 7.5 414.2
3:34.02 35.1 561944 170588 2344 50.0 5.7 414.0
3:34.82 34.7 563224 168948 2344 38.9 9.0 408.2
3:35.65 35.0 564632 170356 2344 38.9 6.3 408.2
3:36.72 34.6 566552 168144 2344 44.4 8.6 395.0
3:39.37 34.2 571032 166384 2040 45.5 6.8 366.7
3:41.75 32.8 575128 159556 1604 41.2 7.2 365.5
3:42.59 33.0 576536 160576 1604 44.4 6.3 364.2
3:43.47 33.3 578072 161904 1604 46.7 7.6 363.0
3:44.30 33.4 579352 162488 1604 41.2 8.6 360.7
3:45.18 33.5 580888 162904 1604 44.4 8.3 359.2
3:46.03 33.6 582296 163544 1604 47.1 7.7 357.7
3:46.83 33.6 583704 163336 1604 38.9 6.9 356.2
3:47.65 33.6 584984 163580 1604 46.7 6.2 352.5
3:48.46 33.7 586008 163644 1604 41.2 6.5 352.5
3:49.28 33.9 587160 164800 1604 50.0 7.0 351.5
3:50.09 34.0 588312 165408 1604 47.1 5.0 350.7
3:50.89 34.2 589720 166048 1604 47.1 6.9 347.5
3:51.79 34.2 591256 166324 1604 47.1 4.3 345.5
3:52.62 34.3 592664 166576 1604 47.1 5.9 341.5
3:53.46 34.2 594072 166084 1604 50.0 5.2 341.5
3:54.28 34.2 595480 166200 1604 50.0 8.2 336.5
3:55.11 34.2 596888 166324 1604 50.0 4.9 333.7
3:55.98 34.2 598296 166328 1604 56.2 6.5 333.7
3:56.81 34.2 599704 166080 1604 36.8 7.2 330.5
3:57.69 34.5 601368 167744 1604 43.8 8.3 328.2
3:58.53 34.6 602776 168072 1604 41.2 7.7 325.2
3:59.37 34.5 604184 167924 1604 47.1 9.3 322.7
4:00.25 34.6 605720 168264 1604 50.0 6.7 322.7
4:01.09 34.7 607128 168492 1604 44.4 7.0 320.5
4:01.91 34.7 608536 168772 1604 47.1 6.5 318.2
4:02.74 35.0 609944 170180 1604 47.1 7.7 316.0
4:03.59 35.0 611480 169992 1604 47.1 6.0 310.0
4:04.48 34.8 613016 169020 1604 43.8 8.4 308.2
4:05.31 34.9 614424 169548 1604 46.7 8.0 305.0
4:06.12 34.6 615832 168244 1604 43.8 6.9 303.0
4:06.95 34.8 617240 169160 1604 41.2 6.8 300.2
4:07.82 34.7 618776 168704 1604 41.2 6.0 298.2
4:08.67 35.0 620184 170112 1604 42.1 6.9 295.7
4:09.50 34.9 621592 169544 1604 41.2 5.0 294.2
4:10.33 35.1 623128 170652 1604 41.2 6.7 290.4
4:11.18 34.9 624536 169632 1604 44.4 5.8 288.6
4:12.03 34.9 625944 169644 1604 44.4 5.8 285.9
4:12.90 34.9 627480 169560 1604 46.7 8.8 279.1
4:13.88 34.9 629272 169572 1604 42.1 6.3 279.1
4:14.71 35.1 630680 170452 1604 43.8 12.2 271.6
4:15.56 34.7 632088 168572 1604 43.8 6.9 271.6
4:16.41 35.0 633496 169980 1604 44.4 7.8 266.6
4:17.23 34.7 634648 168644 1604 45.5 7.6 265.8
4:18.05 34.8 635928 169376 1604 52.9 5.2 265.8
4:18.84 34.7 637080 168896 1604 37.5 4.9 262.3
4:19.67 34.7 638360 168952 1604 47.1 7.9 257.3
4:20.54 34.8 639896 169036 1604 47.1 5.7 254.5
4:21.36 34.8 641304 169088 1604 47.1 5.2 254.5
4:22.19 34.9 642584 169736 1604 42.1 6.7 251.2
4:23.03 35.0 643992 170096 1604 47.1 5.5 250.2
4:23.87 35.0 645400 170096 1604 38.9 10.4 245.0
4:24.77 34.9 646808 169788 1604 50.0 5.7 242.2
4:25.60 34.9 648088 169612 1604 38.9 7.5 242.2
4:26.42 35.2 649496 171020 1604 58.8 7.0 239.7
4:27.24 35.2 650904 171168 1604 42.1 7.6 235.0
4:28.11 35.0 652312 170116 1604 38.9 5.0 235.0
4:28.94 35.3 653720 171656 1604 44.4 8.2 231.2
4:29.78 35.2 655128 171108 1604 41.2 6.5 231.2
4:30.73 34.4 656664 167080 1604 50.0 6.2 220.5
4:31.56 34.7 658072 168488 1604 47.4 9.8 220.5
4:32.39 34.9 659480 169896 1604 45.0 7.0 220.5
4:33.21 35.0 660888 170168 1604 41.2 6.0 218.2
4:34.03 34.7 662296 168676 1604 47.1 8.7 212.5
4:34.84 35.0 663704 170084 1604 41.2 10.5 208.7
4:35.65 34.8 664984 169388 1604 38.9 7.8 208.7
4:36.45 34.8 666392 169364 1604 38.9 9.2 205.7
4:37.26 35.1 667672 170640 1604 47.1 6.6 205.7
4:38.08 35.0 669080 170264 1604 33.3 7.0 202.2
4:38.94 35.0 670616 170300 1604 42.1 6.7 199.2
4:39.76 35.0 671896 170100 1604 44.4 7.7 196.2
4:40.58 34.9 673304 169908 1604 38.1 9.3 193.0
4:41.39 35.2 674712 171316 1604 38.9 6.5 193.0
4:42.26 34.9 676120 169652 1604 40.0 7.4 187.2
4:43.12 34.9 677528 169908 1604 41.2 7.7 184.7
4:43.91 34.8 678936 169404 1604 37.5 9.3 181.5
4:44.72 35.1 680216 170812 1604 41.2 6.8 181.5
4:45.53 35.0 681496 170004 1604 43.8 8.6 177.2
4:46.36 35.2 682776 171284 1604 36.8 6.1 177.2
4:47.22 34.8 684056 169192 1604 41.2 8.5 170.7
4:48.05 35.1 685336 170472 1604 41.2 6.0 170.7
4:48.87 34.8 686616 169148 1604 41.2 9.5 165.5
4:49.68 35.1 688024 170556 1604 43.8 6.7 165.5
4:50.52 34.9 689432 169584 1604 46.7 9.0 161.0
4:51.34 35.2 690840 170992 1604 36.8 6.2 161.0
4:52.18 35.1 692248 170668 1604 41.2 6.6 157.5
4:52.99 35.0 693528 170068 1604 50.0 8.2 153.7
4:53.80 35.0 694936 170008 1604 41.2 9.8 151.0
4:54.63 35.2 696088 171160 1604 52.9 7.4 151.0
4:55.45 34.6 697496 168132 1604 34.5 9.0 142.2
4:56.31 34.7 698904 168704 1604 50.0 9.3 140.5
4:57.14 35.0 700312 170112 1604 42.1 6.5 140.5
4:57.96 34.6 701720 168420 1604 46.7 8.3 134.7
4:58.72 34.1 703000 165672 1604 52.9 8.5 122.7
4:59.54 33.7 704408 164064 1604 47.1 8.1 119.0
5:00.43 33.5 705944 163108 1604 37.5 7.8 116.7
5:01.20 32.3 707224 156880 1604 44.4 6.7 102.5
5:02.24 32.2 709016 156564 1604 50.0 8.5 98.2
5:03.08 32.5 710424 157972 1604 52.9 5.7 98.0
5:03.92 32.6 711832 158336 1604 44.4 7.1 96.2
5:04.75 32.9 713240 159744 1604 52.9 7.9 95.0
5:05.59 32.9 714648 159900 1604 41.2 6.7 93.7
5:06.40 33.0 716056 160352 1604 47.1 7.5 91.7
5:07.22 33.3 717464 161760 1604 38.9 8.0 90.0
5:08.07 33.4 718744 162168 1604 44.4 5.1 88.0
5:08.89 33.4 720024 162328 1604 46.7 5.4 88.0
5:09.73 33.4 721432 162540 1604 40.0 8.3 85.5
5:10.57 33.7 722968 164076 1604 41.2 11.4 82.2
5:11.40 33.7 724248 163676 1604 50.0 7.3 82.2
5:12.23 34.0 725656 165084 1604 44.4 10.3 79.5
5:13.09 34.0 727192 165180 1604 53.3 6.1 75.7
5:13.96 33.9 728600 164692 1604 47.1 7.8 74.0
5:14.80 34.0 730008 165128 1604 42.1 8.6 70.2
5:15.66 33.9 731416 164608 1604 41.2 5.1 69.2
5:16.49 34.0 732696 165476 1604 47.1 9.4 67.2
5:17.30 34.1 734104 165832 1604 47.1 6.8 67.2
5:18.13 34.1 735512 165632 1604 42.1 7.3 64.0
5:18.94 34.4 736920 167040 1604 41.2 6.1 61.7
5:19.77 34.0 738328 165456 1604 41.2 7.8 58.5
5:20.60 34.3 739736 166992 1604 50.0 7.6 55.7
5:21.43 34.4 741144 167036 1604 43.8 5.0 52.5
5:22.27 34.2 742424 166504 1604 46.7 8.4 52.5
5:23.11 34.5 743704 167912 1604 44.4 9.3 49.5
5:23.90 34.5 744984 167536 1604 38.9 5.6 49.5
5:24.72 34.5 746264 167696 1604 41.2 6.4 47.2
5:25.61 34.6 747800 168336 1604 42.1 6.4 45.4
5:26.44 34.6 749208 168208 1604 36.8 6.7 42.7
5:27.30 34.6 750744 168312 1604 47.4 6.9 39.7
5:28.12 34.7 752152 168832 1604 41.2 5.0 33.1
5:28.99 34.5 753688 167920 1604 50.0 7.8 31.1
5:29.84 34.6 755096 168292 1604 50.0 8.0 28.4
5:30.67 34.6 756504 168308 1604 43.8 6.3 26.9
5:31.52 34.6 758040 168004 1604 44.4 7.1 24.9
5:32.33 34.8 759448 169412 1604 44.4 4.4 19.8
5:33.16 34.6 760856 168188 1604 42.1 4.9 19.7
5:33.98 34.7 762264 168704 1604 50.0 4.3 17.8
5:34.80 34.6 763672 168248 1604 44.4 5.7 14.3
5:35.62 34.9 765080 169656 1604 47.1 7.1 11.1
5:36.42 34.8 766360 169248 1604 47.1 4.8 11.1
5:37.25 34.8 767896 169236 1604 50.0 6.9 8.1
5:38.06 34.8 769304 169180 1604 33.3 6.2 5.3
5:38.93 34.8 770712 169216 1604 42.9 7.9 0.1
5:40.00 34.9 772632 169648 1604 52.9 9.0 0.0
5:46.80 36.6 782872 178116 1712 91.1 143.7 371.3
5:48.44 37.2 785688 180932 1712 89.5 141.3 371.3
5:49.98 37.8 788376 183620 1712 99.9 138.0 371.3
5:51.53 38.3 790936 186180 1712 94.1 136.1 371.3
5:53.06 38.8 793368 188612 1712 93.3 133.7 371.3
5:54.60 39.3 795928 191172 1712 88.9 131.2 371.3
5:56.13 39.8 798488 193732 1712 88.2 128.6 371.3
5:57.62 40.3 800920 196164 1712 76.5 125.7 371.3
5:59.09 40.8 803352 198596 1712 76.5 123.4 371.3
6:00.59 41.3 805912 201028 1712 87.5 121.3 371.3
6:02.10 41.9 808600 203844 1712 88.2 118.7 371.3
6:03.60 42.5 811160 206404 1712 82.4 116.2 371.3
6:05.10 43.0 813592 208836 1712 87.5 113.4 371.3
6:06.61 43.5 816152 211268 1712 93.8 111.2 371.3
6:08.12 44.0 818712 213956 1712 87.5 108.4 371.3
6:09.61 44.5 821144 216384 1712 82.4 104.2 371.3
6:11.09 45.0 823576 218820 1712 87.5 101.8 371.3
6:12.58 45.5 826008 221252 1712 77.8 99.8 371.3
6:14.07 46.0 828440 223556 1712 88.2 97.2 371.3
6:15.58 46.5 830744 225988 1712 99.9 96.2 371.3
6:17.08 47.0 833176 228420 1712 82.4 92.4 371.3
6:18.57 47.5 835608 230852 1712 88.2 90.0 371.3
6:20.07 48.0 838168 233412 1712 87.5 87.9 371.3
6:21.54 48.5 840344 235588 1712 77.8 85.4 371.3
6:23.02 48.9 842776 237892 1712 77.8 82.9 371.3
6:24.50 49.5 845208 240452 1712 82.4 80.5 371.3
6:25.99 50.0 847768 243012 1712 82.4 78.0 371.3
6:27.50 50.5 850328 245572 1712 82.4 75.6 371.3
6:29.00 51.0 852888 248132 1712 82.4 73.0 371.3
6:30.50 51.6 855448 250692 1712 88.2 70.5 371.3
6:32.02 52.1 858008 253252 1712 88.2 67.9 371.3
6:33.56 52.6 860568 255808 1712 82.4 67.1 371.3
6:35.06 53.1 863000 258244 1712 82.4 64.6 371.3
6:36.57 53.6 865176 260420 1712 88.2 62.5 371.3
6:38.07 54.0 867480 262724 1712 82.4 60.5 371.3
6:39.55 54.5 869912 265156 1712 81.2 58.0 371.3
6:41.04 55.0 872344 267588 1712 82.4 55.6 371.3
6:42.53 55.6 875032 270276 1712 82.4 53.0 371.3
6:44.03 56.1 877592 272704 1712 82.4 50.5 371.3
6:45.51 56.6 880152 275396 1712 76.5 48.0 371.3
6:47.01 57.2 882712 277956 1712 76.5 45.5 371.3
6:48.50 57.7 885272 280516 1712 76.5 43.0 371.3
6:49.99 58.2 887832 282948 1712 81.2 40.4 371.3
6:51.47 58.7 890136 285376 1712 75.0 38.2 371.3
6:52.95 59.2 892568 287812 1712 76.5 35.9 371.3
6:54.44 59.6 894744 289988 1712 81.2 33.7 371.3
6:55.92 60.2 897304 292548 1712 75.0 31.2 371.3
6:57.42 60.7 899864 295108 1712 76.5 28.7 371.3
6:58.93 61.3 902552 297796 1712 77.8 26.0 371.3
7:00.46 61.8 905240 300484 1712 88.9 23.4 371.3
7:02.01 62.3 907800 303044 1712 89.5 17.9 371.3
7:03.51 62.8 910360 305476 1712 88.2 15.4 371.3
7:04.99 63.4 912792 308036 1712 82.4 13.0 371.3
7:06.50 63.9 915352 310596 1712 83.3 10.4 371.3
7:08.04 64.4 917912 313156 1712 83.3 7.7 371.3
7:09.59 64.9 920600 315716 1712 94.1 6.7 371.3
7:11.12 65.3 923160 317728 1712 81.2 7.0 370.6
7:12.60 65.8 925592 319748 1712 77.8 8.0 370.2
7:14.10 66.3 928152 322304 1712 88.2 6.7 369.8
7:15.95 66.3 931096 322312 1712 91.7 7.3 367.3
7:17.47 66.7 933656 324152 1712 88.2 5.9 366.6
7:18.96 66.8 936216 324636 1712 83.3 6.6 364.6
7:20.43 66.9 938648 325412 1712 77.8 6.8 363.0
7:21.91 67.0 941080 325868 1712 78.9 6.7 361.2
7:23.37 67.3 943512 327356 1712 87.5 5.8 360.1
7:24.86 67.1 945944 326184 1712 77.8 6.6 356.6
7:26.35 67.3 948504 327244 1712 88.2 6.5 355.2
7:27.84 67.4 951064 327632 1712 87.5 6.8 353.0
7:29.30 67.4 953624 327624 1712 68.8 7.6 349.3
7:30.81 67.4 956184 327704 1712 76.5 6.6 348.1
7:32.29 67.3 958488 327400 1712 72.2 7.1 345.5
7:33.75 67.4 960792 327732 1712 75.0 7.1 343.6
7:35.27 67.6 963096 328508 1712 88.2 6.2 342.1
7:36.74 67.4 965272 327916 1712 76.5 6.8 339.4
7:38.39 67.2 968088 326752 1712 88.2 6.7 335.5
7:39.88 67.5 970520 328120 1712 99.9 5.6 334.5
7:41.36 67.5 973080 328280 1712 87.5 5.8 332.2
7:42.86 67.5 975640 327996 1712 88.2 6.3 329.4
7:44.35 67.4 978072 327880 1712 82.4 5.5 326.9
7:45.83 67.2 980632 326728 1712 73.7 7.2 323.3
7:47.34 67.4 983192 327632 1712 87.5 5.9 321.6
7:48.87 67.5 985624 328264 1712 93.8 5.3 319.9
7:50.37 67.3 987928 327316 1712 93.8 6.3 316.7
7:51.86 67.5 990488 328384 1712 99.9 5.5 315.3
7:53.37 67.7 992920 329348 1712 94.1 5.8 312.4
7:54.90 67.7 995480 329136 1712 94.4 5.9 309.8
7:56.41 67.7 998040 328992 1712 99.9 5.0 307.1
7:57.91 67.6 1000600 328684 1712 95.2 5.2 305.7
7:59.39 67.8 1003032 329448 1712 99.9 5.9 302.6
8:00.84 67.7 1005592 328960 1712 94.1 6.0 299.6
8:02.33 67.6 1008024 328748 1712 94.1 5.0 298.0
8:03.87 67.4 1010712 327888 1712 88.2 6.0 294.3
8:05.32 67.7 1012888 329200 1712 93.8 5.0 292.9
8:06.82 67.5 1015448 328304 1712 93.3 5.5 290.8
8:08.30 67.8 1017880 329548 1712 93.8 5.8 288.3
8:09.76 67.8 1020312 329412 1712 88.2 6.0 283.3
8:11.28 67.3 1022872 327412 1712 94.1 6.0 281.2
8:12.75 67.3 1025432 327180 1712 93.8 5.1 278.4
8:14.22 67.2 1027864 326640 1712 94.1 5.9 275.6
8:15.71 67.1 1030424 326304 1712 99.9 4.9 272.8
8:17.18 67.0 1032856 325976 1712 99.9 5.1 270.1
8:18.68 67.0 1035416 325780 1712 99.9 5.0 267.6
8:20.16 67.1 1037976 326172 1712 99.9 6.1 265.7
8:21.70 66.9 1040536 325352 1712 93.8 5.1 262.1
8:23.17 66.9 1043096 325348 1712 94.1 5.5 259.6
8:24.78 67.0 1045784 325732 1712 94.1 6.6 256.4
8:26.27 67.1 1048344 326036 1712 99.9 5.8 253.4
8:27.75 66.9 1050776 325408 1712 99.9 5.9 251.5
8:29.14 65.2 1053080 317104 1712 84.2 6.4 237.7
8:30.59 62.8 1055256 305324 1712 64.7 6.8 209.1
8:33.37 58.2 1059480 283104 1712 93.8 8.5 202.3
8:34.88 58.4 1061912 284124 1712 99.9 5.5 202.2
8:36.39 58.9 1064344 286560 1712 94.1 4.9 199.8
8:37.89 58.9 1066904 286612 1712 87.5 6.0 199.8
8:39.40 59.5 1069464 289172 1712 93.3 5.5 198.7
8:40.87 59.3 1072024 288424 1712 82.4 6.6 196.5
8:42.40 59.8 1074584 290980 1712 88.2 7.4 194.5
8:44.01 60.0 1077272 291668 1712 99.9 5.6 193.4
8:45.48 59.7 1079832 290352 1712 70.6 6.4 190.8
8:47.00 60.2 1082264 292784 1712 88.9 8.9 187.0
8:48.53 59.9 1084696 291332 1712 94.4 6.4 187.0
8:50.04 59.8 1087000 290876 1712 77.8 6.8 184.3
8:51.53 60.4 1089560 293436 1712 88.2 6.1 183.1
8:53.02 60.0 1092120 291760 1712 66.7 7.2 180.1
8:54.55 60.5 1094680 294192 1712 88.2 6.0 177.9
8:56.00 60.0 1097240 291796 1712 75.0 5.5 175.1
8:57.64 60.3 1099928 293316 1712 83.3 6.6 173.4
8:59.13 59.9 1102488 291364 1712 73.7 9.5 169.6
9:00.61 60.5 1105048 293924 1712 76.5 7.1 169.6
9:02.06 60.5 1107480 294124 1712 80.0 6.7 167.7
9:03.54 60.5 1109912 294216 1712 82.4 7.2 165.4
9:05.04 60.8 1112472 295496 1712 76.5 9.0 162.3
9:06.55 60.9 1115032 296204 1712 82.4 6.5 162.3
9:08.22 60.7 1117848 294920 1712 93.8 7.6 158.3
9:09.73 60.5 1120408 294192 1712 73.7 8.4 155.1
9:11.24 60.6 1122968 294572 1712 88.2 8.0 153.2
9:12.79 60.5 1125656 294324 1712 84.6 8.5 150.3
9:14.70 61.2 1128856 297524 1712 99.9 6.1 150.3
9:16.18 61.1 1131416 296888 1712 88.2 7.3 147.2
9:17.67 61.6 1133848 299320 1712 99.9 7.6 144.5
9:19.21 61.5 1136408 299116 1712 93.3 5.3 144.5
9:20.68 61.5 1138840 298988 1712 83.3 6.8 142.0
9:22.06 60.1 1141016 292132 1712 76.5 7.0 133.0
9:23.48 60.0 1143320 291688 1712 99.9 6.6 130.5
9:24.97 60.4 1145368 293736 1712 88.2 7.8 128.8
9:26.39 60.4 1147288 293896 1712 88.2 8.2 126.3
9:27.82 60.3 1149336 293396 1712 99.9 6.4 126.3
9:29.28 60.5 1151128 294208 1712 90.5 6.6 125.3
9:30.78 60.8 1152664 295744 1712 93.8 5.1 123.1
9:32.23 60.8 1154712 295520 1712 99.9 6.2 123.1
9:33.70 60.9 1157016 295876 1712 94.1 5.0 118.0
9:35.31 60.7 1159448 295008 1712 94.1 5.7 118.0
9:36.76 60.4 1161624 293480 1712 99.9 8.1 114.4
9:38.25 60.9 1164184 296040 1712 94.1 5.8 114.4
9:39.72 60.8 1166360 295812 1712 94.1 5.7 112.1
9:41.19 60.8 1168664 295688 1712 94.1 6.6 109.7
9:42.68 61.3 1171096 298120 1712 94.1 8.5 106.8
9:44.20 61.2 1173528 297600 1712 99.9 6.0 106.8
9:45.62 61.0 1175576 296532 1712 99.9 8.1 103.7
9:47.09 61.4 1177752 298708 1712 88.2 6.0 103.7
9:48.57 61.4 1180056 298528 1712 93.8 6.9 101.3
9:50.07 61.4 1182232 298368 1712 89.5 7.9 99.0
9:51.48 61.8 1184280 300416 1712 93.8 5.9 99.0
9:53.00 61.8 1186456 300328 1712 94.1 6.8 96.8
9:54.42 62.2 1188376 302248 1712 93.8 7.5 95.3
9:55.91 62.3 1190552 302852 1712 88.9 5.4 95.3
9:57.35 62.3 1192856 302836 1712 94.1 5.3 93.0
9:58.82 62.4 1195416 303216 1712 99.9 5.5 89.3
10:00.24 62.5 1197464 303632 1712 93.3 6.0 89.3
10:01.68 62.5 1199896 304112 1712 94.1 5.4 87.4
10:03.18 63.0 1202456 306512 1712 99.9 6.8 87.0
10:04.68 63.4 1205016 308300 1712 99.9 5.0 86.3
10:06.16 63.8 1207448 310396 1712 93.8 5.2 86.1
10:07.68 64.3 1210140 312832 1712 99.9 5.0 85.9
10:09.18 64.8 1212696 315016 1712 99.9 5.5 85.4
10:10.67 64.6 1215256 313976 1712 84.2 7.0 82.0
10:12.17 64.9 1217816 315540 1712 99.9 6.0 81.0
10:13.65 64.7 1220376 314468 1712 83.3 7.2 77.5
10:15.16 65.2 1222936 317028 1712 99.9 8.4 74.4
10:16.63 65.1 1225496 316416 1712 88.9 6.1 74.4
10:18.26 65.0 1228184 315808 1712 94.1 6.7 69.8
10:19.75 64.7 1230744 314720 1712 68.4 6.7 67.6
10:21.28 64.8 1233432 315256 1712 80.0 6.6 65.5
10:22.79 65.2 1235992 317032 1712 82.4 5.1 64.9
10:24.28 65.3 1238296 317272 1712 88.9 5.2 62.7
10:25.76 65.1 1240600 316656 1712 99.9 6.8 59.8
10:27.22 65.6 1242904 318960 1712 94.1 5.3 59.2
10:28.68 65.7 1245208 319344 1712 94.1 5.0 57.6
10:30.15 65.5 1247640 318292 1712 84.2 5.9 54.6
10:31.58 65.2 1249816 316860 1712 94.1 6.7 51.0
10:33.00 64.9 1252248 315324 1712 82.4 7.3 47.2
10:34.47 65.1 1254680 316348 1712 87.5 5.9 45.8
10:35.94 64.4 1257240 313212 1712 82.4 7.6 40.2
10:37.43 64.4 1259800 313056 1712 77.8 8.2 37.5
10:38.92 64.4 1262232 313116 1712 84.2 8.7 34.6
10:40.48 64.8 1264920 315120 1712 88.2 6.3 34.6
10:41.97 64.7 1267224 314496 1712 93.8 7.4 31.7
10:43.44 65.1 1269528 316276 1712 82.4 5.9 31.2
10:45.01 64.8 1272088 314872 1712 93.3 6.0 27.3
10:46.49 64.3 1274648 312580 1712 64.7 8.6 22.6
10:47.98 64.8 1277080 315012 1712 76.5 10.7 18.9
10:49.45 64.5 1279512 313696 1712 87.5 8.2 18.9
10:50.94 65.0 1282072 316256 1712 76.5 10.3 15.8
10:52.62 64.4 1285016 313088 1712 66.7 8.6 12.9
10:54.10 64.9 1287448 315520 1712 87.5 8.9 10.8
10:55.62 65.0 1290008 315864 1712 76.5 9.6 7.9
10:57.08 64.9 1292440 315376 1712 76.5 7.0 7.9
10:58.56 65.1 1295000 316396 1712 76.5 8.7 3.5
11:00.04 65.0 1297560 315960 1712 81.2 9.1 0.7
11:01.51 64.9 1299992 315552 1712 76.5 8.2 0.0
11:03.02 65.3 1302680 317428 1712 76.5 7.7 0.0